<?xml version="1.0"?>
<opencv_storage>
<intrinsic_matrix type_id="opencv-matrix">
  <rows>3</rows>
  <cols>3</cols>
  <dt>d</dt>
  <data>
    2.0464587371122643e+03 0. 640. 0. 2.0464587371122643e+03 360. 0. 0.
    1.</data></intrinsic_matrix>
<distortion_coeffs type_id="opencv-matrix">
  <rows>1</rows>
  <cols>5</cols>
  <dt>d</dt>
  <data>
    -4.8745125212734797e-01 2.1487105418215457e-01 0. 0.
    4.3599391342675126e-01</data></distortion_coeffs>
</opencv_storage>
